31 3 0
37 22 14 2 0
41 3 0
43 27 22 5 0
47 5 0
53 50 41 20 0
59 54 46 26 0
61 44 19 15 0
67 5 2 1 0 
71 6 0 
74 44 28 4 0
79 9 0 
82 6 0
83 7 4 2 0 
86 54 44 10 0
89 38 0
94 10 0
93 65 62 37 31 9 6 3 0
97 6 0 
101 7 6 1 0 
102 0
103 9 0 
106 100 82 40 0
107 9 7 4 0 
109 5 4 2 0 
113 9 0 
122 88 38 30 0
127 1 0 
131 8 3 2 0 
137 21 0 
139 8 5 3 0
141 99 94 57 47 15 10 5 0
149 10 9 7 0 
151 3 0 
157 6 5 2 0 
159 0
163 7 6 3 0 
167 6 0 
173 8 5 2 0 
177 0
179 4 2 1 0 
181 7 6 1 0 
189 6 5 2 0 
191 9 0 
193 15 0 
197 9 4 2 0 
199 34 0 
211 11 10 8 0 
223 33 0 
227 10 9 4 0 
229 10 4 1 0 
233 74 0 
239 36 0 
241 70 0 
251 7 4 2 0 
257 12 0 
263 93 0 
269 7 6 1 0 
271 58 0 
277 12 6 3 0 
281 93 0 
283 12 7 5 0 
293 11 6 1 0 
307 8 4 2 0 
311 7 5 3 0 
313 79 0 
317 7 4 2 0 
331 10 6 2 0 
337 55 0 
347 11 10 3 0 
349 6 5 2 0 
353 69 0 
359 68 0 
367 21 0 
373 8 7 2 0 
379 10 8 5 0 
389 10 9 5 0 
397 12 7 6 0 
401 152 0 
409 87 0 
419 15 5 4 0 
421 5 4 2 0 
431 120 0 
433 33 0 
439 49 0 
443 10 6 1 0 
449 134 0 
457 16 0 
461 7 6 1 0 
463 93 0 
467 11 6 1 0 
479 104 0 
487 94 0 
491 11 6 3 0 
499 11 6 5 0 
503 3 0 
521 32 0 
523 13 6 2 0 
541 13 10 4 0 
547 13 7 4 0 
557 7 6 5 0 
563 14 7 3 0 
569 77 0 
571 10 5 2 0 
577 25 0 
587 11 6 1 0 
593 86 0 
599 30 0 
601 201 0 
607 105 0 
613 19 10 4 0 
617 200 0 
619 9 8 5 0 
631 307 0 
641 11 0 
643 11 3 2 0 
647 5 0 
653 10 8 7 0 
659 15 4 2 0 
661 12 11 4 0 
673 28 0 
677 8 4 3 0 
683 11 6 1 0 
691 13 6 2 0 
701 16 4 2 0 
709 4 3 1 0 
719 150 0 
727 180 0 
733 8 7 2 0 
739 18 16 8 0 
743 90 0 
751 18 0 
757 7 6 1 0 
761 3 0 
769 120 0 
773 10 8 6 0 
787 7 6 3 0 
797 12 10 4 0 
809 15 0 
811 12 10 8 0 
821 15 11 2 0 
823 9 0 
827 12 10 7 0 
829 4 3 1 0 
839 54 0 
853 10 7 1 0 
857 119 0 
859 17 15 4 0 
863 6 3 2 0 
877 6 5 4 0 
881 78 0 
883 17 16 12 0 
887 147 0 
907 12 10 2 0 
911 204 0 
919 36 0 
929 11 4 3 0 
937 217 0 
941 11 6 1 0 
947 9 6 5 0 
953 168 0 
967 36 0 
971 6 2 1 0 
977 15 0 
983 230 0 
991 39 0 
997 12 6 3 0 
